1.000000000000000000e+00 1.000000000000000000e+00 4.655995309729975816e+03
1.500000000000000000e+00 1.500000000000000000e+00 1.570236923936511403e+03
2.000000000000000000e+00 2.000000000000000000e+00 7.072778044243573277e+02
2.500000000000000000e+00 2.500000000000000000e+00 3.762884302251515010e+02
3.000000000000000000e+00 3.000000000000000000e+00 2.236203369125263123e+02
3.500000000000000000e+00 3.500000000000000000e+00 1.433853329554824825e+02
4.000000000000000000e+00 4.000000000000000000e+00 9.739286279511911459e+01
4.500000000000000000e+00 4.500000000000000000e+00 2.481257115864949867e+02
5.000000000000000000e+00 5.000000000000000000e+00 1.882059578847789965e+02
5.500000000000000000e+00 5.500000000000000000e+00 1.457596556676828357e+02
6.000000000000000000e+00 6.000000000000000000e+00 1.151465694601989469e+02
6.500000000000000000e+00 6.500000000000000000e+00 9.263599846304144592e+01
7.000000000000000000e+00 7.000000000000000000e+00 7.569285072339368980e+01
7.500000000000000000e+00 7.500000000000000000e+00 6.266651348732980864e+01
8.000000000000000000e+00 8.000000000000000000e+00 5.246890110578613786e+01
8.500000000000000000e+00 8.500000000000000000e+00 4.436329642312674082e+01
9.000000000000000000e+00 9.000000000000000000e+00 3.784253679401052040e+01
9.500000000000000000e+00 9.500000000000000000e+00 3.254108272574483607e+01
1.000000000000000000e+01 1.000000000000000000e+01 2.818917504355718862e+01
1.050000000000000000e+01 1.050000000000000000e+01 2.458482053598869754e+01
1.100000000000000000e+01 1.100000000000000000e+01 2.157447095510373813e+01
1.150000000000000000e+01 1.150000000000000000e+01 1.904069383062252285e+01
1.200000000000000000e+01 1.200000000000000000e+01 1.689281685214604778e+01
1.250000000000000000e+01 1.250000000000000000e+01 1.506008623659022660e+01
1.300000000000000000e+01 1.300000000000000000e+01 1.348675001953317221e+01
1.350000000000000000e+01 1.350000000000000000e+01 1.212847881617053680e+01
1.400000000000000000e+01 1.400000000000000000e+01 1.094972890386730136e+01
1.450000000000000000e+01 1.450000000000000000e+01 9.921777852818481236e+00
1.500000000000000000e+01 1.500000000000000000e+01 9.021245965747617390e+00
1.550000000000000000e+01 1.550000000000000000e+01 8.228981620146733178e+00
1.600000000000000000e+01 1.600000000000000000e+01 7.529217202897775074e+00
1.650000000000000000e+01 1.650000000000000000e+01 6.908863983670416431e+00
1.700000000000000000e+01 1.700000000000000000e+01 6.356989489199904142e+00
1.750000000000000000e+01 1.750000000000000000e+01 5.864415367624419950e+00
1.800000000000000000e+01 1.800000000000000000e+01 5.423398495628233285e+00
1.850000000000000000e+01 1.850000000000000000e+01 5.027376484280662972e+00
1.900000000000000000e+01 1.900000000000000000e+01 4.670763351077374281e+00
1.950000000000000000e+01 1.950000000000000000e+01 4.348784528420916118e+00
2.000000000000000000e+01 2.000000000000000000e+01 4.057342909534203734e+00
2.050000000000000000e+01 2.050000000000000000e+01 3.792909921969161768e+00
2.100000000000000000e+01 2.100000000000000000e+01 3.552436086148140326e+00
2.150000000000000000e+01 2.150000000000000000e+01 3.333274725343011724e+00
2.200000000000000000e+01 2.200000000000000000e+01 3.133120987515879641e+00
2.250000000000000000e+01 2.250000000000000000e+01 2.949961642114867555e+00
2.300000000000000000e+01 2.300000000000000000e+01 2.782033102832337512e+00
2.350000000000000000e+01 2.350000000000000000e+01 2.627786193556734151e+00
2.400000000000000000e+01 2.400000000000000000e+01 2.485856465648175195e+00
2.450000000000000000e+01 2.450000000000000000e+01 2.355039103970547831e+00
2.500000000000000000e+01 2.500000000000000000e+01 2.234267640804145305e+00
2.550000000000000000e+01 2.550000000000000000e+01 2.122595841437284303e+00
2.600000000000000000e+01 2.600000000000000000e+01 2.019182240979451759e+00
2.650000000000000000e+01 2.650000000000000000e+01 1.923276904951444655e+00
2.700000000000000000e+01 2.700000000000000000e+01 1.834210061276194015e+00
2.750000000000000000e+01 2.750000000000000000e+01 1.751382312127728103e+00
2.800000000000000000e+01 2.800000000000000000e+01 1.674256183589260427e+00
2.850000000000000000e+01 2.850000000000000000e+01 1.602348811490400982e+00
2.900000000000000000e+01 2.900000000000000000e+01 1.535225594922163816e+00
2.950000000000000000e+01 2.950000000000000000e+01 1.472494676177055872e+00
3.000000000000000000e+01 3.000000000000000000e+01 1.413802128348617515e+00
3.050000000000000000e+01 3.050000000000000000e+01 1.358827712626439865e+00
3.100000000000000000e+01 3.100000000000000000e+01 1.307281014737711411e+00
3.150000000000000000e+01 3.150000000000000000e+01 1.258898234650127845e+00
3.200000000000000000e+01 3.200000000000000000e+01 1.213439415419901524e+00
3.250000000000000000e+01 3.250000000000000000e+01 1.170685981622781702e+00
3.300000000000000000e+01 3.300000000000000000e+01 1.130438562424275206e+00
3.350000000000000000e+01 3.350000000000000000e+01 1.092515062940824455e+00
3.400000000000000000e+01 3.400000000000000000e+01 1.056748952616842097e+00
3.450000000000000000e+01 3.450000000000000000e+01 1.022987743647826742e+00
3.500000000000000000e+01 3.500000000000000000e+01 9.910916361426079790e-01
3.550000000000000000e+01 3.550000000000000000e+01 9.609323098412015929e-01
3.600000000000000000e+01 3.600000000000000000e+01 9.323918448743343523e-01
3.650000000000000000e+01 3.650000000000000000e+01 9.053617563380683686e-01
3.700000000000000000e+01 3.700000000000000000e+01 8.797421294199931907e-01
3.750000000000000000e+01 3.750000000000000000e+01 8.554408435027721636e-01
3.800000000000000000e+01 3.800000000000000000e+01 8.323728751267016612e-01
3.850000000000000000e+01 3.850000000000000000e+01 8.104596709504545693e-01
3.900000000000000000e+01 3.900000000000000000e+01 7.896285829375621068e-01
3.950000000000000000e+01 3.950000000000000000e+01 7.698123589393643940e-01
4.000000000000000000e+01 4.000000000000000000e+01 7.509486826646272206e-01
4.050000000000000000e+01 4.050000000000000000e+01 7.329798765735590083e-01
4.100000000000000000e+01 4.100000000000000000e+01 7.158528385327413979e-01
4.150000000000000000e+01 4.150000000000000000e+01 6.995182770511589876e-01
4.200000000000000000e+01 4.200000000000000000e+01 6.839302890583071060e-01
4.250000000000000000e+01 4.250000000000000000e+01 6.690460942094195174e-01
4.300000000000000000e+01 4.300000000000000000e+01 6.548257924616147641e-01
4.350000000000000000e+01 4.350000000000000000e+01 6.412321426786901091e-01
4.400000000000000000e+01 4.400000000000000000e+01 6.282303602573855450e-01
4.450000000000000000e+01 4.450000000000000000e+01 6.157879319763985837e-01
4.500000000000000000e+01 4.500000000000000000e+01 6.038744464545753310e-01
4.550000000000000000e+01 4.550000000000000000e+01 5.924614387692130890e-01
4.600000000000000000e+01 4.600000000000000000e+01 5.815222479318872262e-01
4.650000000000000000e+01 4.650000000000000000e+01 5.710318860496651494e-01
4.700000000000000000e+01 4.700000000000000000e+01 5.609669181158966067e-01
4.750000000000000000e+01 4.750000000000000000e+01 5.513053514787229492e-01
4.800000000000000000e+01 4.800000000000000000e+01 5.420265341282354266e-01
4.850000000000000000e+01 4.850000000000000000e+01 5.331110610263634086e-01
4.900000000000000000e+01 4.900000000000000000e+01 5.245406877778827637e-01
4.950000000000000000e+01 4.950000000000000000e+01 5.162982510077223086e-01
5.000000000000000000e+01 5.000000000000000000e+01 5.083675948695330904e-01
5.050000000000000000e+01 5.050000000000000000e+01 5.007335141422026847e-01
5.100000000000000000e+01 5.100000000000000000e+01 4.933817234823027476e-01
5.150000000000000000e+01 5.150000000000000000e+01 4.862987648133453855e-01
5.200000000000000000e+01 5.200000000000000000e+01 4.794719424025730148e-01
5.250000000000000000e+01 5.250000000000000000e+01 4.728892731275286532e-01
5.300000000000000000e+01 5.300000000000000000e+01 4.665394403949291169e-01
5.350000000000000000e+01 5.350000000000000000e+01 4.604117514150181667e-01
5.400000000000000000e+01 5.400000000000000000e+01 4.544960975609248499e-01
5.450000000000000000e+01 5.450000000000000000e+01 4.487829175663978210e-01
5.500000000000000000e+01 5.500000000000000000e+01 4.432631633368217527e-01
5.550000000000000000e+01 5.550000000000000000e+01 4.379282681679455003e-01
5.600000000000000000e+01 5.600000000000000000e+01 4.327701171844441363e-01
5.650000000000000000e+01 5.650000000000000000e+01 4.277810198264723751e-01
5.700000000000000000e+01 5.700000000000000000e+01 4.229536842268952213e-01
5.750000000000000000e+01 5.750000000000000000e+01 4.182811933351498479e-01
5.800000000000000000e+01 5.800000000000000000e+01 4.137569826556662389e-01
5.850000000000000000e+01 5.850000000000000000e+01 4.093748194797168227e-01
5.900000000000000000e+01 5.900000000000000000e+01 4.051287834995294102e-01
5.950000000000000000e+01 5.950000000000000000e+01 4.010132487025315218e-01
6.000000000000000000e+01 6.000000000000000000e+01 3.970228664518929973e-01
6.050000000000000000e+01 6.050000000000000000e+01 3.931525505767198836e-01
6.100000000000000000e+01 6.100000000000000000e+01 3.893974662096807426e-01
6.150000000000000000e+01 6.150000000000000000e+01 3.857530146037522756e-01
6.200000000000000000e+01 6.200000000000000000e+01 3.822148191008117868e-01
6.250000000000000000e+01 6.250000000000000000e+01 3.787787126233965185e-01
6.300000000000000000e+01 6.300000000000000000e+01 3.754407259675982544e-01
6.350000000000000000e+01 6.350000000000000000e+01 3.721970768398037976e-01
6.400000000000000000e+01 6.400000000000000000e+01 3.690441595845622702e-01
6.450000000000000000e+01 6.450000000000000000e+01 3.659785355548947350e-01
6.500000000000000000e+01 6.500000000000000000e+01 3.629969240802042307e-01
6.550000000000000000e+01 6.550000000000000000e+01 3.600961939903534192e-01
6.600000000000000000e+01 6.600000000000000000e+01 3.572733556576526137e-01
6.650000000000000000e+01 6.650000000000000000e+01 3.545255535213915343e-01
6.700000000000000000e+01 6.700000000000000000e+01 3.518500590622310464e-01
6.750000000000000000e+01 6.750000000000000000e+01 3.492442641961745475e-01
6.800000000000000000e+01 6.800000000000000000e+01 3.467056750601136272e-01
6.850000000000000000e+01 6.850000000000000000e+01 3.442319061630007004e-01
6.900000000000000000e+01 6.900000000000000000e+01 3.418206748785696525e-01
6.950000000000000000e+01 6.950000000000000000e+01 3.394697962573116068e-01
7.000000000000000000e+01 7.000000000000000000e+01 3.371771781369936050e-01
7.050000000000000000e+01 7.050000000000000000e+01 3.349408165324898046e-01
7.100000000000000000e+01 7.100000000000000000e+01 3.327587912870694220e-01
7.150000000000000000e+01 7.150000000000000000e+01 3.306292619685503587e-01
7.200000000000000000e+01 7.200000000000000000e+01 3.285504639948664263e-01
7.250000000000000000e+01 7.250000000000000000e+01 3.265207049746951529e-01
7.300000000000000000e+01 7.300000000000000000e+01 3.245383612497748649e-01
7.350000000000000000e+01 7.350000000000000000e+01 3.226018746264564530e-01
7.400000000000000000e+01 7.400000000000000000e+01 3.207097492848824394e-01
7.450000000000000000e+01 7.450000000000000000e+01 3.188605488549818845e-01
7.500000000000000000e+01 7.500000000000000000e+01 3.170528936491841532e-01
7.550000000000000000e+01 7.550000000000000000e+01 3.152854580424366837e-01
7.600000000000000000e+01 7.600000000000000000e+01 3.135569679907350138e-01
7.650000000000000000e+01 7.650000000000000000e+01 3.118661986799551311e-01
7.700000000000000000e+01 7.700000000000000000e+01 3.102119722973107341e-01
7.750000000000000000e+01 7.750000000000000000e+01 3.085931559182592543e-01
7.800000000000000000e+01 7.800000000000000000e+01 3.070086595021532250e-01
7.850000000000000000e+01 7.850000000000000000e+01 3.054574339903493030e-01
7.900000000000000000e+01 7.900000000000000000e+01 3.039384695009010873e-01
7.950000000000000000e+01 7.950000000000000000e+01 3.024507936143251419e-01
8.000000000000000000e+01 8.000000000000000000e+01 3.009934697452922858e-01
8.050000000000000000e+01 8.050000000000000000e+01 2.995655921506105712e-01
8.100000000000000000e+01 8.100000000000000000e+01 2.981662749603871676e-01
8.150000000000000000e+01 8.150000000000000000e+01 2.967946624804700950e-01
8.200000000000000000e+01 8.200000000000000000e+01 2.954499313207488709e-01
8.250000000000000000e+01 8.250000000000000000e+01 2.941312889389396390e-01
8.300000000000000000e+01 8.300000000000000000e+01 2.928379722602609814e-01
8.350000000000000000e+01 8.350000000000000000e+01 2.915692463685269908e-01
8.400000000000000000e+01 8.400000000000000000e+01 2.903244032644863304e-01
8.450000000000000000e+01 8.450000000000000000e+01 2.891027606874931877e-01
8.500000000000000000e+01 8.500000000000000000e+01 2.879036609968721461e-01
8.550000000000000000e+01 8.550000000000000000e+01 2.867264701095407209e-01
8.600000000000000000e+01 8.600000000000000000e+01 2.855705764907039423e-01
8.650000000000000000e+01 8.650000000000000000e+01 2.844353901946130025e-01
8.700000000000000000e+01 8.700000000000000000e+01 2.833203419525833211e-01
8.750000000000000000e+01 8.750000000000000000e+01 2.822248823056321965e-01
8.800000000000000000e+01 8.800000000000000000e+01 2.811484807792725693e-01
8.850000000000000000e+01 8.850000000000000000e+01 2.800906250981349821e-01
8.900000000000000000e+01 8.900000000000000000e+01 2.790508204382493584e-01
8.950000000000000000e+01 8.950000000000000000e+01 2.780285887149362978e-01
9.000000000000000000e+01 9.000000000000000000e+01 2.770234679043886983e-01
9.050000000000000000e+01 9.050000000000000000e+01 2.760350113971397623e-01
9.100000000000000000e+01 9.100000000000000000e+01 2.750627873817164670e-01
9.150000000000000000e+01 9.150000000000000000e+01 2.741063782568859408e-01
9.200000000000000000e+01 9.200000000000000000e+01 2.731653800709863966e-01
9.250000000000000000e+01 9.250000000000000000e+01 2.722394019869310844e-01
9.300000000000000000e+01 9.300000000000000000e+01 2.713280657715523292e-01
9.350000000000000000e+01 9.350000000000000000e+01 2.704310053080293819e-01
9.400000000000000000e+01 9.400000000000000000e+01 2.695478661302160850e-01
9.450000000000000000e+01 9.450000000000000000e+01 2.686783049777550225e-01
9.500000000000000000e+01 9.500000000000000000e+01 2.678219893709222754e-01
9.550000000000000000e+01 9.550000000000000000e+01 2.669785972042134081e-01
9.600000000000000000e+01 9.600000000000000000e+01 2.661478163577317146e-01
9.650000000000000000e+01 9.650000000000000000e+01 2.653293443254914896e-01
9.700000000000000000e+01 9.700000000000000000e+01 2.645228878598052669e-01
9.750000000000000000e+01 9.750000000000000000e+01 2.637281626309618821e-01
9.800000000000000000e+01 9.800000000000000000e+01 2.629448929014481795e-01
9.850000000000000000e+01 9.850000000000000000e+01 2.621728112140116473e-01
9.900000000000000000e+01 9.900000000000000000e+01 2.614116580928927402e-01
9.950000000000000000e+01 9.950000000000000000e+01 2.606611817575981149e-01
1.000000000000000000e+02 1.000000000000000000e+02 2.599211378486150359e-01
1.005000000000000000e+02 1.005000000000000000e+02 2.591912881915764411e-01
1.010000000000000000e+02 1.010000000000000000e+02 2.584713977761142756e-01
1.015000000000000000e+02 1.015000000000000000e+02 2.577612376820333506e-01
1.020000000000000000e+02 1.020000000000000000e+02 2.570605858316253878e-01
1.025000000000000000e+02 1.025000000000000000e+02 2.563692267412189807e-01
1.030000000000000000e+02 1.030000000000000000e+02 2.556869512832675717e-01
1.035000000000000000e+02 1.035000000000000000e+02 2.550135564584640191e-01
1.040000000000000000e+02 1.040000000000000000e+02 2.543488451774018055e-01
1.045000000000000000e+02 1.045000000000000000e+02 2.536926260513274189e-01
1.050000000000000000e+02 1.050000000000000000e+02 2.530447131915525283e-01
1.055000000000000000e+02 1.055000000000000000e+02 2.524049260171203901e-01
1.060000000000000000e+02 1.060000000000000000e+02 2.517730890703352431e-01
1.065000000000000000e+02 1.065000000000000000e+02 2.511490318397929800e-01
1.070000000000000000e+02 1.070000000000000000e+02 2.505325885905642647e-01
1.075000000000000000e+02 1.075000000000000000e+02 2.499235982011978052e-01
1.080000000000000000e+02 1.080000000000000000e+02 2.493219040072368886e-01
1.085000000000000000e+02 1.085000000000000000e+02 2.487273536509483907e-01
1.090000000000000000e+02 1.090000000000000000e+02 2.481397989369841239e-01
1.095000000000000000e+02 1.095000000000000000e+02 2.475590956937101239e-01
1.100000000000000000e+02 1.100000000000000000e+02 2.469851036399452748e-01
1.105000000000000000e+02 1.105000000000000000e+02 2.464176862568730475e-01
1.110000000000000000e+02 1.110000000000000000e+02 2.458567106648951728e-01
1.115000000000000000e+02 1.115000000000000000e+02 2.453020475052090643e-01
1.120000000000000000e+02 1.120000000000000000e+02 2.447535708259052090e-01
1.125000000000000000e+02 1.125000000000000000e+02 2.442111579723839077e-01
1.130000000000000000e+02 1.130000000000000000e+02 2.436746894819073195e-01
1.135000000000000000e+02 1.135000000000000000e+02 2.431440489821063422e-01
1.140000000000000000e+02 1.140000000000000000e+02 2.426191230932767118e-01
1.145000000000000000e+02 1.145000000000000000e+02 2.420998013342966770e-01
1.150000000000000000e+02 1.150000000000000000e+02 2.415859760320200611e-01
1.155000000000000000e+02 1.155000000000000000e+02 2.410775422339921370e-01
1.160000000000000000e+02 1.160000000000000000e+02 2.405743976243528703e-01
1.165000000000000000e+02 1.165000000000000000e+02 2.400764424427920818e-01
1.170000000000000000e+02 1.170000000000000000e+02 2.395835794064327673e-01
1.175000000000000000e+02 1.175000000000000000e+02 2.390957136345175371e-01
1.180000000000000000e+02 1.180000000000000000e+02 2.386127525757881784e-01
1.185000000000000000e+02 1.185000000000000000e+02 2.381346059384434055e-01
1.190000000000000000e+02 1.190000000000000000e+02 2.376611856225749331e-01
1.195000000000000000e+02 1.195000000000000000e+02 2.371924056549759297e-01
1.200000000000000000e+02 1.200000000000000000e+02 2.367281821262330332e-01
1.205000000000000000e+02 1.205000000000000000e+02 2.362684331300041740e-01
1.210000000000000000e+02 1.210000000000000000e+02 2.358130787044009358e-01
1.215000000000000000e+02 1.215000000000000000e+02 2.353620407753868049e-01
1.220000000000000000e+02 1.220000000000000000e+02 2.349152431021160059e-01
1.225000000000000000e+02 1.225000000000000000e+02 2.344726112241355409e-01
1.230000000000000000e+02 1.230000000000000000e+02 2.340340724103760484e-01
1.235000000000000000e+02 1.235000000000000000e+02 2.335995556098641179e-01
1.240000000000000000e+02 1.240000000000000000e+02 2.331689914040891987e-01
1.245000000000000000e+02 1.245000000000000000e+02 2.327423119609614843e-01
1.250000000000000000e+02 1.250000000000000000e+02 2.323194509902981320e-01
1.255000000000000000e+02 1.255000000000000000e+02 2.319003437007829682e-01
1.260000000000000000e+02 1.260000000000000000e+02 2.314849267583409809e-01
1.265000000000000000e+02 1.265000000000000000e+02 2.310731382458746652e-01
1.270000000000000000e+02 1.270000000000000000e+02 2.306649176243142640e-01
1.275000000000000000e+02 1.275000000000000000e+02 2.302602056949277776e-01
1.280000000000000000e+02 1.280000000000000000e+02 2.298589445628476668e-01
1.285000000000000000e+02 1.285000000000000000e+02 2.294610776017688425e-01
1.290000000000000000e+02 1.290000000000000000e+02 2.290665494197725305e-01
1.295000000000000000e+02 1.295000000000000000e+02 2.286753058262379068e-01
1.300000000000000000e+02 1.300000000000000000e+02 2.282872937997990348e-01
1.305000000000000000e+02 1.305000000000000000e+02 2.279024614573122443e-01
1.310000000000000000e+02 1.310000000000000000e+02 2.275207580237937344e-01
1.315000000000000000e+02 1.315000000000000000e+02 2.271421338032960646e-01
1.320000000000000000e+02 1.320000000000000000e+02 2.267665401506865908e-01
1.325000000000000000e+02 1.325000000000000000e+02 2.263939294443001460e-01
1.330000000000000000e+02 1.330000000000000000e+02 2.260242550594300237e-01
1.335000000000000000e+02 1.335000000000000000e+02 2.256574713426306444e-01
1.340000000000000000e+02 1.340000000000000000e+02 2.252935335868032907e-01
1.345000000000000000e+02 1.345000000000000000e+02 2.249323980070371265e-01
1.350000000000000000e+02 1.350000000000000000e+02 2.245740217171776909e-01
1.355000000000000000e+02 1.355000000000000000e+02 2.242183627070997165e-01
1.360000000000000000e+02 1.360000000000000000e+02 2.238653798206609313e-01
1.365000000000000000e+02 1.365000000000000000e+02 2.235150327343098653e-01
1.370000000000000000e+02 1.370000000000000000e+02 2.231672819363271498e-01
1.375000000000000000e+02 1.375000000000000000e+02 2.228220887066806877e-01
1.380000000000000000e+02 1.380000000000000000e+02 2.224794150974703510e-01
1.385000000000000000e+02 1.385000000000000000e+02 2.221392239139448332e-01
1.390000000000000000e+02 1.390000000000000000e+02 2.218014786960713081e-01
1.395000000000000000e+02 1.395000000000000000e+02 2.214661437006364975e-01
1.400000000000000000e+02 1.400000000000000000e+02 2.211331838838675179e-01
1.405000000000000000e+02 1.405000000000000000e+02 2.208025648845469979e-01
1.410000000000000000e+02 1.410000000000000000e+02 2.204742530076141405e-01
1.415000000000000000e+02 1.415000000000000000e+02 2.201482152082306909e-01
1.420000000000000000e+02 1.420000000000000000e+02 2.198244190762987660e-01
1.425000000000000000e+02 1.425000000000000000e+02 2.195028328214149449e-01
1.430000000000000000e+02 1.430000000000000000e+02 2.191834252582461895e-01
1.435000000000000000e+02 1.435000000000000000e+02 2.188661657923162140e-01
1.440000000000000000e+02 1.440000000000000000e+02 2.185510244061852347e-01
1.445000000000000000e+02 1.445000000000000000e+02 2.182379716460149388e-01
1.450000000000000000e+02 1.450000000000000000e+02 2.179269786085017702e-01
1.455000000000000000e+02 1.455000000000000000e+02 2.176180169281715926e-01
1.460000000000000000e+02 1.460000000000000000e+02 2.173110587650207148e-01
1.465000000000000000e+02 1.465000000000000000e+02 2.170060767924923417e-01
1.470000000000000000e+02 1.470000000000000000e+02 2.167030441857822343e-01
1.475000000000000000e+02 1.475000000000000000e+02 2.164019346104568142e-01
1.480000000000000000e+02 1.480000000000000000e+02 2.161027222113804658e-01
1.485000000000000000e+02 1.485000000000000000e+02 2.158053816019367410e-01
1.490000000000000000e+02 1.490000000000000000e+02 2.155098878535389728e-01
1.495000000000000000e+02 1.495000000000000000e+02 2.152162164854188042e-01
1.500000000000000000e+02 1.500000000000000000e+02 2.149243434546837250e-01
1.505000000000000000e+02 1.505000000000000000e+02 2.146342453822210616e-01
1.510000000000000000e+02 1.510000000000000000e+02 2.143459002383117928e-01
1.515000000000000000e+02 1.515000000000000000e+02 2.140592866065870459e-01
1.520000000000000000e+02 1.520000000000000000e+02 2.137743834373370400e-01
1.525000000000000000e+02 1.525000000000000000e+02 2.134911700395800416e-01
1.530000000000000000e+02 1.530000000000000000e+02 2.132096260733366000e-01
1.535000000000000000e+02 1.535000000000000000e+02 2.129297315421043446e-01
1.540000000000000000e+02 1.540000000000000000e+02 2.126514667855233243e-01
1.545000000000000000e+02 1.545000000000000000e+02 2.123748124722306119e-01
1.550000000000000000e+02 1.550000000000000000e+02 2.120997495928971799e-01
1.555000000000000000e+02 1.555000000000000000e+02 2.118262594534391086e-01
1.560000000000000000e+02 1.560000000000000000e+02 2.115543236684033768e-01
1.565000000000000000e+02 1.565000000000000000e+02 2.112839241545161895e-01
1.570000000000000000e+02 1.570000000000000000e+02 2.110150431243963953e-01
1.575000000000000000e+02 1.575000000000000000e+02 2.107476630804238360e-01
1.580000000000000000e+02 1.580000000000000000e+02 2.104817668087602400e-01
1.585000000000000000e+02 1.585000000000000000e+02 2.102173373735179707e-01
1.590000000000000000e+02 1.590000000000000000e+02 2.099543581110734358e-01
1.595000000000000000e+02 1.595000000000000000e+02 2.096928126245191093e-01
1.600000000000000000e+02 1.600000000000000000e+02 2.094326847782511658e-01
1.605000000000000000e+02 1.605000000000000000e+02 2.091739586926900096e-01
1.610000000000000000e+02 1.610000000000000000e+02 2.089166187391274521e-01
1.615000000000000000e+02 1.615000000000000000e+02 2.086606495346994550e-01
1.620000000000000000e+02 1.620000000000000000e+02 2.084060359374798055e-01
1.625000000000000000e+02 1.625000000000000000e+02 2.081527630416903085e-01
1.630000000000000000e+02 1.630000000000000000e+02 2.079008161730267479e-01
1.635000000000000000e+02 1.635000000000000000e+02 2.076501808840957031e-01
1.640000000000000000e+02 1.640000000000000000e+02 2.074008429499588635e-01
1.645000000000000000e+02 1.645000000000000000e+02 2.071527883637828138e-01
1.650000000000000000e+02 1.650000000000000000e+02 2.069060033325919590e-01
1.655000000000000000e+02 1.655000000000000000e+02 2.066604742731190103e-01
1.660000000000000000e+02 1.660000000000000000e+02 2.064161878077550583e-01
1.665000000000000000e+02 1.665000000000000000e+02 2.061731307605906283e-01
1.670000000000000000e+02 1.670000000000000000e+02 2.059312901535510498e-01
1.675000000000000000e+02 1.675000000000000000e+02 2.056906532026198664e-01
1.680000000000000000e+02 1.680000000000000000e+02 2.054512073141487039e-01
1.685000000000000000e+02 1.685000000000000000e+02 2.052129400812519877e-01
1.690000000000000000e+02 1.690000000000000000e+02 2.049758392802845386e-01
1.695000000000000000e+02 1.695000000000000000e+02 2.047398928673982155e-01
1.700000000000000000e+02 1.700000000000000000e+02 2.045050889751769685e-01
1.705000000000000000e+02 1.705000000000000000e+02 2.042714159093475257e-01
1.710000000000000000e+02 1.710000000000000000e+02 2.040388621455641871e-01
1.715000000000000000e+02 1.715000000000000000e+02 2.038074163262665606e-01
1.720000000000000000e+02 1.720000000000000000e+02 2.035770672576049101e-01
1.725000000000000000e+02 1.725000000000000000e+02 2.033478039064361698e-01
1.730000000000000000e+02 1.730000000000000000e+02 2.031196153973858776e-01
1.735000000000000000e+02 1.735000000000000000e+02 2.028924910099741408e-01
1.740000000000000000e+02 1.740000000000000000e+02 2.026664201758053008e-01
1.745000000000000000e+02 1.745000000000000000e+02 2.024413924758193817e-01
1.750000000000000000e+02 1.750000000000000000e+02 2.022173976376034632e-01
1.755000000000000000e+02 1.755000000000000000e+02 2.019944255327607296e-01
1.760000000000000000e+02 1.760000000000000000e+02 2.017724661743372783e-01
1.765000000000000000e+02 1.765000000000000000e+02 2.015515097143044110e-01
1.770000000000000000e+02 1.770000000000000000e+02 2.013315464410952715e-01
1.775000000000000000e+02 1.775000000000000000e+02 2.011125667771925807e-01
1.780000000000000000e+02 1.780000000000000000e+02 2.008945612767704114e-01
1.785000000000000000e+02 1.785000000000000000e+02 2.006775206233848696e-01
1.790000000000000000e+02 1.790000000000000000e+02 2.004614356277125697e-01
1.795000000000000000e+02 1.795000000000000000e+02 2.002462972253399309e-01
1.800000000000000000e+02 1.800000000000000000e+02 2.000320964745950780e-01
1.805000000000000000e+02 1.805000000000000000e+02 1.998188245544290920e-01
1.810000000000000000e+02 1.810000000000000000e+02 1.996064727623385604e-01
1.815000000000000000e+02 1.815000000000000000e+02 1.993950325123328704e-01
1.820000000000000000e+02 1.820000000000000000e+02 1.991844953329435230e-01
1.825000000000000000e+02 1.825000000000000000e+02 1.989748528652742210e-01
1.830000000000000000e+02 1.830000000000000000e+02 1.987660968610916179e-01
1.835000000000000000e+02 1.835000000000000000e+02 1.985582191809546482e-01
1.840000000000000000e+02 1.840000000000000000e+02 1.983512117923829643e-01
1.845000000000000000e+02 1.845000000000000000e+02 1.981450667680617894e-01
1.850000000000000000e+02 1.850000000000000000e+02 1.979397762840841291e-01
1.855000000000000000e+02 1.855000000000000000e+02 1.977353326182277049e-01
1.860000000000000000e+02 1.860000000000000000e+02 1.975317281482679710e-01
1.865000000000000000e+02 1.865000000000000000e+02 1.973289553503231319e-01
1.870000000000000000e+02 1.870000000000000000e+02 1.971270067972347162e-01
1.875000000000000000e+02 1.875000000000000000e+02 1.969258751569780141e-01
1.880000000000000000e+02 1.880000000000000000e+02 1.967255531911059063e-01
1.885000000000000000e+02 1.885000000000000000e+02 1.965260337532229729e-01
1.890000000000000000e+02 1.890000000000000000e+02 1.963273097874898565e-01
1.895000000000000000e+02 1.895000000000000000e+02 1.961293743271571299e-01
1.900000000000000000e+02 1.900000000000000000e+02 1.959322204931274736e-01
1.905000000000000000e+02 1.905000000000000000e+02 1.957358414925470802e-01
1.910000000000000000e+02 1.910000000000000000e+02 1.955402306174231497e-01
1.915000000000000000e+02 1.915000000000000000e+02 1.953453812432696390e-01
1.920000000000000000e+02 1.920000000000000000e+02 1.951512868277782420e-01
1.925000000000000000e+02 1.925000000000000000e+02 1.949579409095152371e-01
1.930000000000000000e+02 1.930000000000000000e+02 1.947653371066437045e-01
1.935000000000000000e+02 1.935000000000000000e+02 1.945734691156706664e-01
1.940000000000000000e+02 1.940000000000000000e+02 1.943823307102167941e-01
1.945000000000000000e+02 1.945000000000000000e+02 1.941919157398108164e-01
1.950000000000000000e+02 1.950000000000000000e+02 1.940022181287064662e-01
1.955000000000000000e+02 1.955000000000000000e+02 1.938132318747216587e-01
1.960000000000000000e+02 1.960000000000000000e+02 1.936249510480998470e-01
1.965000000000000000e+02 1.965000000000000000e+02 1.934373697903922773e-01
1.970000000000000000e+02 1.970000000000000000e+02 1.932504823133622540e-01
1.975000000000000000e+02 1.975000000000000000e+02 1.930642828979083070e-01
1.980000000000000000e+02 1.980000000000000000e+02 1.928787658930093407e-01
1.985000000000000000e+02 1.985000000000000000e+02 1.926939257146871587e-01
1.990000000000000000e+02 1.990000000000000000e+02 1.925097568449904706e-01
1.995000000000000000e+02 1.995000000000000000e+02 1.923262538309956360e-01
2.000000000000000000e+02 2.000000000000000000e+02 1.921434112838273645e-01
